lr0: 0.01092
lrf: 0.01421
momentum: 0.87642
weight_decay: 0.00039
warmup_epochs: 1.6265
warmup_momentum: 0.74022
warmup_bias_lr: 0.04958
box: 0.03847
cls: 0.39899
cls_pw: 0.56143
obj: 1.4386
obj_pw: 0.68058
iou_t: 0.2
anchor_t: 2.9946
fl_gamma: 0.0
hsv_h: 0.0124
hsv_s: 0.84721
hsv_v: 0.40076
degrees: 0.0
translate: 0.09396
scale: 0.53805
shear: 0.0
perspective: 0.0
flipud: 0.0
fliplr: 0.5
mosaic: 0.86251
mixup: 0.0
copy_paste: 0.0
anchors: 3.1821
